motor_burnout = 3.35s					
apogee_time = 12.4s					
apogee = 2620ft = 798.576m					
					
Time (s)	Altitude (ft)	Altitude (m)			
0	0	0			
0.05	1	0.3048			
0.1	0	0			
0.15	1	0.3048			
0.2	0	0			
0.25	-1	-0.3048			
0.3	1	0.3048			
0.35	0	0			
0.4	2	0.6096			
0.45	7	2.1336			
0.5	10	3.048			
0.55	5	1.524			
0.6	10	3.048			
0.65	15	4.572			
0.7	20	6.096			
0.75	22	6.7056			
0.8	28	8.5344			
0.85	34	10.3632			
0.9	44	13.4112			
0.95	55	16.764			
1	66	20.1168			
1.05	75	22.86			
1.1	87	26.5176			
1.15	100	30.48			
1.2	113	34.4424			
1.25	127	38.7096			
1.3	144	43.8912			
1.35	158	48.1584			
1.4	173	52.7304			
1.45	190	57.912			
1.5	210	64.008			
1.55	230	70.104			
1.6	250	76.2			
1.65	272	82.9056			
1.7	292	89.0016			
1.75	315	96.012			
1.8	336	102.4128			
1.85	355	108.204			
1.9	379	115.5192			
1.95	401	122.2248			
2	426	129.8448			
2.05	450	137.16			
2.1	474	144.4752			
2.15	494	150.5712			
2.2	515	156.972			
2.25	540	164.592			
2.3	564	171.9072			
2.35	587	178.9176			
2.4	610	185.928			
2.45	634	193.2432			
2.5	659	200.8632			
2.55	682	207.8736			
2.6	707	215.4936			
2.65	730	222.504			
2.7	751	228.9048			
2.75	774	235.9152			
2.8	794	242.0112			
2.85	813	247.8024			
2.9	835	254.508			
2.95	855	260.604			
3	874	266.3952			
3.05	897	273.4056			
3.1	918	279.8064			
3.15	937	285.5976			
3.2	958	291.9984			
3.25	978	298.0944			
3.3	999	304.4952			
3.35	1020	310.896			
3.4	1039	316.6872			
3.45	1058	322.4784			
3.5	1077	328.2696			
3.55	1098	334.6704			
3.6	1117	340.4616			
3.65	1136	346.2528			
3.7	1155	352.044			
3.75	1170	356.616			
3.8	1187	361.7976			
3.85	1203	366.6744			
3.9	1220	371.856			
3.95	1236	376.7328			
4	1254	382.2192			
4.05	1273	388.0104			
4.1	1289	392.8872			
4.15	1308	398.6784			
4.2	1323	403.2504			
4.25	1341	408.7368			
4.3	1359	414.2232			
4.35	1377	419.7096			
4.4	1393	424.5864			
4.45	1411	430.0728			
4.5	1425	434.34			
4.55	1442	439.5216			
4.6	1460	445.008			
4.65	1475	449.58			
4.7	1494	455.3712			
4.75	1509	459.9432			
4.8	1524	464.5152			
4.85	1538	468.7824			
4.9	1555	473.964			
4.95	1568	477.9264			
5	1582	482.1936			
5.05	1594	485.8512			
5.1	1607	489.8136			
5.15	1620	493.776			
5.2	1634	498.0432			
5.25	1648	502.3104			
5.3	1664	507.1872			
5.35	1676	510.8448			
5.4	1690	515.112			
5.45	1704	519.3792			
5.5	1719	523.9512			
5.55	1731	527.6088			
5.6	1745	531.876			
5.65	1759	536.1432			
5.7	1772	540.1056			
5.75	1784	543.7632			
5.8	1798	548.0304			
5.85	1811	551.9928			
5.9	1824	555.9552			
5.95	1837	559.9176			
6	1849	563.5752			
6.05	1863	567.8424			
6.1	1875	571.5			
6.15	1888	575.4624			
6.2	1899	578.8152			
6.25	1913	583.0824			
6.3	1925	586.74			
6.35	1938	590.7024			
6.4	1947	593.4456			
6.45	1957	596.4936			
6.5	1967	599.5416			
6.55	1979	603.1992			
6.6	1988	605.9424			
6.65	1997	608.6856			
6.7	2008	612.0384			
6.75	2018	615.0864			
6.8	2027	617.8296			
6.85	2038	621.1824			
6.9	2049	624.5352			
6.95	2058	627.2784			
7	2069	630.6312			
7.05	2079	633.6792			
7.1	2089	636.7272			
7.15	2099	639.7752			
7.2	2109	642.8232			
7.25	2119	645.8712			
7.3	2129	648.9192			
7.35	2138	651.6624			
7.4	2148	654.7104			
7.45	2158	657.7584			
7.5	2167	660.5016			
7.55	2175	662.94			
7.6	2185	665.988			
7.65	2193	668.4264			
7.7	2203	671.4744			
7.75	2211	673.9128			
7.8	2220	676.656			
7.85	2230	679.704			
7.9	2238	682.1424			
7.95	2246	684.5808			
8	2256	687.6288			
8.05	2263	689.7624			
8.1	2273	692.8104			
8.15	2281	695.2488			
8.2	2289	697.6872			
8.25	2297	700.1256			
8.3	2305	702.564			
8.35	2312	704.6976			
8.4	2319	706.8312			
8.45	2326	708.9648			
8.5	2332	710.7936			
8.55	2339	712.9272			
8.6	2345	714.756			
8.65	2350	716.28			
8.7	2358	718.7184			
8.75	2362	719.9376			
8.8	2370	722.376			
8.85	2374	723.5952			
8.9	2380	725.424			
8.95	2387	727.5576			
9	2394	729.6912			
9.05	2398	730.9104			
9.1	2404	732.7392			
9.15	2410	734.568			
9.2	2417	736.7016			
9.25	2422	738.2256			
9.3	2428	740.0544			
9.35	2433	741.5784			
9.4	2441	744.0168			
9.45	2445	745.236			
9.5	2451	747.0648			
9.55	2456	748.5888			
9.6	2462	750.4176			
9.65	2467	751.9416			
9.7	2472	753.4656			
9.75	2477	754.9896			
9.8	2482	756.5136			
9.85	2487	758.0376			
9.9	2491	759.2568			
9.95	2495	760.476			
10	2500	762			
10.05	2505	763.524			
10.1	2510	765.048			
10.15	2515	766.572			
10.2	2518	767.4864			
10.25	2522	768.7056			
10.3	2526	769.9248			
10.35	2530	771.144			
10.4	2534	772.3632			
10.45	2536	772.9728			
10.5	2540	774.192			
10.55	2544	775.4112			
10.6	2547	776.3256			
10.65	2552	777.8496			
10.7	2556	779.0688			
10.75	2560	780.288			
10.8	2563	781.2024			
10.85	2565	781.812			
10.9	2569	783.0312			
10.95	2572	783.9456			
11	2575	784.86			
11.05	2579	786.0792			
11.1	2581	786.6888			
11.15	2585	787.908			
11.2	2588	788.8224			
11.25	2589	789.1272			
11.3	2593	790.3464			
11.35	2595	790.956			
11.4	2596	791.2608			
11.45	2600	792.48			
11.5	2601	792.7848			
11.55	2604	793.6992			
11.6	2607	794.6136			
11.65	2607	794.6136			
11.7	2609	795.2232			
11.75	2610	795.528			
11.8	2613	796.4424			
11.85	2612	796.1376			
11.9	2613	796.4424			
11.95	2616	797.3568			
12	2617	797.6616			
12.05	2617	797.6616			
12.1	2617	797.6616			
12.15	2618	797.9664			
12.2	2618	797.9664			
12.25	2618	797.9664			
12.3	2618	797.9664			
12.35	2618	797.9664			
12.4	2620	798.576			
12.45	2619	798.2712			
12.5	2618	797.9664			
12.55	2618	797.9664			
12.6	2620	798.576			
12.65	2620	798.576			
12.7	2619	798.2712			
12.75	2617	797.6616			
12.8	2617	797.6616			
12.85	2619	798.2712			
12.9	2617	797.6616			
12.95	2617	797.6616			
13	2617	797.6616			
13.05	2616	797.3568			
13.1	2616	797.3568			
13.15	2614	796.7472			
13.2	2613	796.4424			
13.25	2614	796.7472			
13.3	2611	795.8328			
13.35	2611	795.8328			
13.4	2612	796.1376			
13.45	2610	795.528			
13.5	2608	794.9184			
13.55	2607	794.6136			
13.6	2606	794.3088			
13.65	2607	794.6136			
13.7	2604	793.6992			
13.75	2602	793.0896			
13.8	2601	792.7848			
13.85	2599	792.1752			
13.9	2598	791.8704			
13.95	2595	790.956			
14	2594	790.6512			
14.05	2593	790.3464			
14.1	2590	789.432			
14.15	2586	788.2128			
14.2	2586	788.2128			
14.25	2585	787.908			
14.3	2582	786.9936			
14.35	2580	786.384			
14.4	2576	785.1648			
14.45	2575	784.86			
14.5	2572	783.9456			
14.55	2569	783.0312			
14.6	2567	782.4216			
14.65	2564	781.5072			
14.7	2561	780.5928			
14.75	2558	779.6784			
14.8	2555	778.764			
14.85	2552	777.8496			
14.9	2548	776.6304			
14.95	2544	775.4112			
15	2541	774.4968			
15.05	2537	773.2776			
15.1	2533	772.0584			
15.15	2529	770.8392			
15.2	2526	769.9248			
15.25	2522	768.7056			
15.3	2519	767.7912			
15.35	2513	765.9624			
15.4	2511	765.3528			
15.45	2507	764.1336			
15.5	2502	762.6096			
15.55	2499	761.6952			
15.6	2494	760.1712			
15.65	2490	758.952			
15.7	2486	757.7328			
15.75	2482	756.5136			
15.8	2479	755.5992			
15.85	2475	754.38			
15.9	2472	753.4656			
15.95	2469	752.5512			
16	2464	751.0272			
16.05	2461	750.1128			
16.1	2454	747.9792			
16.15	2451	747.0648			
16.2	2444	744.9312			
16.25	2442	744.3216			
16.3	2439	743.4072			
16.35	2432	741.2736			
16.4	2426	739.4448			
16.45	2421	737.9208			
16.5	2415	736.092			
16.55	2410	734.568			
16.6	2406	733.3488			
16.65	2399	731.2152			
16.7	2395	729.996			
16.75	2387	727.5576			
16.8	2380	725.424			
16.85	2373	723.2904			
16.9	2366	721.1568			
16.95	2359	719.0232			
17	2353	717.1944			
17.05	2345	714.756			
17.1	2337	712.3176			
17.15	2329	709.8792			
17.2	2322	707.7456			
17.25	2315	705.612			
17.3	2308	703.4784			
17.35	2299	700.7352			
17.4	2290	697.992			
17.45	2283	695.8584			
17.5	2277	694.0296			
17.55	2270	691.896			
17.6	2258	688.2384			
17.65	2256	687.6288			
17.7	2246	684.5808			
17.75	2237	681.8376			
17.8	2232	680.3136			
17.85	2226	678.4848			
17.9	2219	676.3512			
17.95	2208	672.9984			
18	2202	671.1696			
18.05	2196	669.3408			
18.1	2188	666.9024			
18.15	2181	664.7688			
18.2	2173	662.3304			
18.25	2163	659.2824			
18.3	2157	657.4536			
18.35	2150	655.32			
18.4	2145	653.796			
18.45	2138	651.6624			
18.5	2127	648.3096			
18.55	2118	645.5664			
18.6	2112	643.7376			
18.65	2103	640.9944			
18.7	2097	639.1656			
18.75	2083	634.8984			
18.8	2075	632.46			
18.85	2065	629.412			
18.9	2058	627.2784			
18.95	2052	625.4496			
19	2041	622.0968			
19.05	2034	619.9632			
19.1	2028	618.1344			
19.15	2021	616.0008			
19.2	2013	613.5624			
19.25	2003	610.5144			
19.3	1992	607.1616			
19.35	1986	605.3328			
19.4	1976	602.2848			
19.45	1968	599.8464			
19.5	1961	597.7128			
19.55	1944	592.5312			
19.6	1939	591.0072			
19.65	1920	585.216			
19.7	1914	583.3872			
19.75	1902	579.7296			
19.8	1890	576.072			
19.85	1879	572.7192			
19.9	1868	569.3664			
19.95	1857	566.0136			
20	1847	562.9656			
20.05	1835	559.308			
20.1	1826	556.5648			
20.15	1815	553.212			
20.2	1800	548.64			
20.25	1787	544.6776			
20.3	1778	541.9344			
20.35	1770	539.496			
20.4	1759	536.1432			
20.45	1751	533.7048			
20.5	1741	530.6568			
20.55	1732	527.9136			
20.6	1725	525.78			
20.65	1715	522.732			
20.7	1703	519.0744			
20.75	1691	515.4168			
20.8	1685	513.588			
20.85	1671	509.3208			
20.9	1660	505.968			
20.95	1649	502.6152			
21	1633	497.7384			
21.05	1625	495.3			
21.1	1612	491.3376			
21.15	1605	489.204			
21.2	1594	485.8512			
21.25	1583	482.4984			
21.3	1571	478.8408			
21.35	1565	477.012			
21.4	1551	472.7448			
21.45	1542	470.0016			
21.5	1527	465.4296			
21.55	1514	461.4672			
21.6	1505	458.724			
21.65	1493	455.0664			
21.7	1478	450.4944			
21.75	1466	446.8368			
21.8	1447	441.0456			
21.85	1435	437.388			
21.9	1425	434.34			
21.95	1411	430.0728			
22	1398	426.1104			
22.05	1383	421.5384			
22.1	1374	418.7952			
22.15	1361	414.8328			
22.2	1350	411.48			
22.25	1335	406.908			
22.3	1324	403.5552			
22.35	1307	398.3736			
22.4	1300	396.24			
22.45	1287	392.2776			
22.5	1277	389.2296			
22.55	1265	385.572			
22.6	1259	383.7432			
22.65	1245	379.476			
22.7	1232	375.5136			
22.75	1218	371.2464			
22.8	1201	366.0648			
22.85	1188	362.1024			
22.9	1178	359.0544			
22.95	1169	356.3112			
23	1153	351.4344			
23.05	1136	346.2528			
23.1	1125	342.9			
23.15	1117	340.4616			
23.2	1108	337.7184			
23.25	1089	331.9272			
23.3	1078	328.5744			
23.35	1061	323.3928			
23.4	1052	320.6496			
23.45	1041	317.2968			
23.5	1020	310.896			
23.55	1007	306.9336			
23.6	981	299.0088			
23.65	972	296.2656			
23.7	959	292.3032			
23.75	944	287.7312			
23.8	934	284.6832			
23.85	918	279.8064			
23.9	906	276.1488			
23.95	893	272.1864			
24	881	268.5288			
24.05	867	264.2616			
24.1	853	259.9944			
24.15	837	255.1176			
24.2	825	251.46			
24.25	813	247.8024			
24.3	797	242.9256			
24.35	783	238.6584			
24.4	767	233.7816			
24.45	755	230.124			
24.5	737	224.6376			
24.55	729	222.1992			
24.6	708	215.7984			
24.65	706	215.1888			
24.7	691	210.6168			
24.75	390	118.872			
24.8	627	191.1096			
24.85	648	197.5104			
24.9	588	179.2224			
24.95	604	184.0992			
25	616	187.7568			
25.05	635	193.548			
25.1	560	170.688			
25.15	534	162.7632			
25.2	528	160.9344			
25.25	541	164.8968			
25.3	523	159.4104			
25.35	494	150.5712			
25.4	471	143.5608			
25.45	470	143.256			
25.5	459	139.9032			
25.55	461	140.5128			
25.6	428	130.4544			
25.65	392	119.4816			
25.7	373	113.6904			
25.75	365	111.252			
25.8	367	111.8616			
25.85	360	109.728			
25.9	343	104.5464			
25.95	321	97.8408			
26	306	93.2688			
26.05	300	91.44			
26.1	287	87.4776			
26.15	273	83.2104			
26.2	262	79.8576			
26.25	253	77.1144			
26.3	253	77.1144			
26.35	230	70.104			
26.4	216	65.8368			
26.45	199	60.6552			
26.5	184	56.0832			
26.55	181	55.1688			
26.6	183	55.7784			
26.65	159	48.4632			
26.7	149	45.4152			
26.75	125	38.1			
26.8	112	34.1376			
26.85	115	35.052			
26.9	134	40.8432			
26.95	83	25.2984			
27	73	22.2504			
27.05	46	14.0208			
27.1	30	9.144			
27.15	32	9.7536			
27.2	46	14.0208			
27.25	3	0.9144			
27.3	3	0.9144			
27.35	-1441	-439.2168			
27.4	-1024	-312.1152			
27.45	-318	-96.9264			
27.5	-92	-28.0416			
27.55	-10	-3.048			
27.6	2	0.6096			
27.65	2	0.6096			
27.7	1	0.3048			
27.75	1	0.3048			
27.8	2	0.6096			
27.85	3	0.9144			
27.9	4	1.2192			
27.95	3	0.9144			
28	2	0.6096			
28.05	3	0.9144			
28.1	3	0.9144			
28.15	3	0.9144			
28.2	3	0.9144			
28.25	3	0.9144			
28.3	2	0.6096			
28.35	4	1.2192			
28.4	3	0.9144			
28.45	3	0.9144			
28.5	3	0.9144			
28.55	3	0.9144			
28.6	4	1.2192			
28.65	3	0.9144			
28.7	2	0.6096			
28.75	3	0.9144			
28.8	3	0.9144			
28.85	2	0.6096			
28.9	6	1.8288			
28.95	16	4.8768			
29	24	7.3152			
29.05	-1	-0.3048			
					
					
					
					
					
					
					
					
					
					
					
					
					
					
					
					
					
					
					
					
					
					
					
					
					
					
					
					
					
					
					
					
					
					
					
					
					
					
					
					
					
					
					
					
					
					
					
					
					
					
					
					
					
					
					
					
					
					
					
					
					
					
					
					
					
					
					
					
					
					
					
					
					
					
					
					
					
					
					
					
					
					
					
					
					
					
					
					
					
					
					
					
					
					
					
					
					
					
					
					
					
					
					
					
					
					
					
					
					
					
					
					
					
					
					
					
					
					
					
					
					
					
					
					
					
					
					
					
					
					
					
					
					
					
					
					
					
					
					
					
					
					
					
					
					
					
					
					
					
					
					
					
					
					
					
					
					
					
					
					
					
					
					
					
					
					
					
					
					
					
					
					
					
					
					
					
					
					
					
					
					
					
					
					
					
					
					
					
					
					
					
					
					
					
					
					
					
					
					
					
					
					
					
					
					
					
					
					
					
					
					
					
					
					
					
					
					
					
					
					
					
					
					
					
					
					
					
					
					
					
					
					
					
					
					
					
					
					
					
					
					
					
					
					
					
					
					
					
					
					
					
					
					
					
					
					
					
					
					
					
					
					
					
					
					
					
					
					
					
					
					
					
					
					
					
					
					
					
					
					
					
					
					
					
					
					
					
					
					
					
					
					
					
					
					
					
					
					
					
					
					
					
					
					
					
					
					
					
					
					
					
					
					
					
					
					
					
					
					
					
					
					
					
					
					
					
					
					
					
					
					
					
					
					
					
					
					
					
					
					
					
					
					
					
					
					
					
					
					
					
					
					
					
					
					
					
					
					
					
					
					
					
					
					
					
					
					
					
					
					
					
					
					
					
					
					
					
					
					
					
					
					
					
					
					
					
					
					
					
					
					
					
					
					
					
					
					
					
					
					
					
					
					
					
					
					
					
					
					
					
					
					
					
					
					
					
					
					
